# Created by Octave 9.4.0, Wed Aug 06 08:04:41 2025 -03 <davi@fedora>
# name: TX_OK
# type: cell
# rows: 1
# columns: 8
# name: <cell-element>
# type: matrix
# rows: 1
# columns: 50
 57.575757575757578 54.545454545454547 48.484848484848484 42.424242424242422 60.606060606060609 45.454545454545453 39.393939393939391 45.454545454545453 42.424242424242422 45.454545454545453 60.606060606060609 54.545454545454547 48.484848484848484 36.363636363636367 39.393939393939391 54.545454545454547 45.454545454545453 60.606060606060609 54.545454545454547 42.424242424242422 54.545454545454547 42.424242424242422 45.454545454545453 45.454545454545453 42.424242424242422 42.424242424242422 63.636363636363633 39.393939393939391 48.484848484848484 36.363636363636367 39.393939393939391 54.545454545454547 54.545454545454547 66.666666666666671 42.424242424242422 60.606060606060609 45.454545454545453 48.484848484848484 54.545454545454547 54.545454545454547 72.727272727272734 48.484848484848484 42.424242424242422 45.454545454545453 60.606060606060609 60.606060606060609 42.424242424242422 57.575757575757578 48.484848484848484 48.484848484848484



# name: <cell-element>
# type: matrix
# rows: 1
# columns: 50
 81.818181818181813 81.818181818181813 87.878787878787875 84.848484848484844 81.818181818181813 81.818181818181813 72.727272727272734 78.787878787878782 87.878787878787875 93.939393939393938 81.818181818181813 78.787878787878782 81.818181818181813 93.939393939393938 75.757575757575751 78.787878787878782 78.787878787878782 90.909090909090907 81.818181818181813 72.727272727272734 84.848484848484844 75.757575757575751 75.757575757575751 81.818181818181813 81.818181818181813 78.787878787878782 90.909090909090907 90.909090909090907 84.848484848484844 69.696969696969703 78.787878787878782 84.848484848484844 84.848484848484844 84.848484848484844 84.848484848484844 81.818181818181813 87.878787878787875 81.818181818181813 81.818181818181813 90.909090909090907 96.969696969696969 75.757575757575751 75.757575757575751 81.818181818181813 81.818181818181813 84.848484848484844 81.818181818181813 84.848484848484844 84.848484848484844 87.878787878787875



# name: <cell-element>
# type: matrix
# rows: 1
# columns: 50
 96.969696969696969 100 96.969696969696969 93.939393939393938 96.969696969696969 96.969696969696969 93.939393939393938 100 100 100 100 93.939393939393938 100 100 90.909090909090907 96.969696969696969 87.878787878787875 96.969696969696969 96.969696969696969 96.969696969696969 96.969696969696969 100 100 100 100 100 100 100 100 96.969696969696969 93.939393939393938 96.969696969696969 100 96.969696969696969 100 100 93.939393939393938 93.939393939393938 96.969696969696969 100 96.969696969696969 100 96.969696969696969 100 93.939393939393938 100 96.969696969696969 90.909090909090907 96.969696969696969 100



# name: <cell-element>
# type: matrix
# rows: 1
# columns: 50
 96.969696969696969 100 90.909090909090907 93.939393939393938 96.969696969696969 96.969696969696969 90.909090909090907 100 100 100 100 93.939393939393938 93.939393939393938 100 93.939393939393938 96.969696969696969 90.909090909090907 96.969696969696969 96.969696969696969 87.878787878787875 96.969696969696969 100 100 100 96.969696969696969 100 100 96.969696969696969 100 93.939393939393938 93.939393939393938 100 100 96.969696969696969 100 100 90.909090909090907 93.939393939393938 93.939393939393938 100 100 100 90.909090909090907 100 93.939393939393938 100 96.969696969696969 93.939393939393938 96.969696969696969 96.969696969696969



# name: <cell-element>
# type: matrix
# rows: 1
# columns: 50
 78.787878787878782 72.727272727272734 72.727272727272734 66.666666666666671 66.666666666666671 66.666666666666671 75.757575757575751 69.696969696969703 81.818181818181813 81.818181818181813 81.818181818181813 66.666666666666671 69.696969696969703 87.878787878787875 66.666666666666671 63.636363636363633 84.848484848484844 84.848484848484844 78.787878787878782 69.696969696969703 81.818181818181813 75.757575757575751 72.727272727272734 75.757575757575751 72.727272727272734 66.666666666666671 84.848484848484844 78.787878787878782 75.757575757575751 69.696969696969703 57.575757575757578 81.818181818181813 93.939393939393938 81.818181818181813 81.818181818181813 75.757575757575751 87.878787878787875 69.696969696969703 75.757575757575751 75.757575757575751 87.878787878787875 78.787878787878782 63.636363636363633 63.636363636363633 78.787878787878782 84.848484848484844 72.727272727272734 63.636363636363633 75.757575757575751 66.666666666666671



# name: <cell-element>
# type: matrix
# rows: 1
# columns: 50
 93.939393939393938 90.909090909090907 87.878787878787875 90.909090909090907 96.969696969696969 100 87.878787878787875 100 96.969696969696969 100 100 93.939393939393938 93.939393939393938 96.969696969696969 84.848484848484844 93.939393939393938 90.909090909090907 96.969696969696969 93.939393939393938 90.909090909090907 96.969696969696969 100 93.939393939393938 96.969696969696969 100 96.969696969696969 100 96.969696969696969 100 90.909090909090907 93.939393939393938 96.969696969696969 96.969696969696969 93.939393939393938 100 100 93.939393939393938 93.939393939393938 96.969696969696969 96.969696969696969 90.909090909090907 96.969696969696969 81.818181818181813 93.939393939393938 93.939393939393938 100 84.848484848484844 84.848484848484844 96.969696969696969 96.969696969696969



# name: <cell-element>
# type: matrix
# rows: 1
# columns: 50
 87.878787878787875 87.878787878787875 84.848484848484844 90.909090909090907 93.939393939393938 93.939393939393938 81.818181818181813 93.939393939393938 93.939393939393938 100 96.969696969696969 93.939393939393938 87.878787878787875 96.969696969696969 78.787878787878782 84.848484848484844 96.969696969696969 93.939393939393938 93.939393939393938 84.848484848484844 90.909090909090907 96.969696969696969 90.909090909090907 100 100 87.878787878787875 100 100 100 90.909090909090907 87.878787878787875 87.878787878787875 90.909090909090907 90.909090909090907 93.939393939393938 100 90.909090909090907 78.787878787878782 90.909090909090907 90.909090909090907 93.939393939393938 87.878787878787875 81.818181818181813 90.909090909090907 81.818181818181813 100 84.848484848484844 87.878787878787875 93.939393939393938 93.939393939393938



# name: <cell-element>
# type: matrix
# rows: 1
# columns: 50
 78.787878787878782 84.848484848484844 93.939393939393938 84.848484848484844 81.818181818181813 81.818181818181813 75.757575757575751 78.787878787878782 84.848484848484844 93.939393939393938 84.848484848484844 84.848484848484844 87.878787878787875 93.939393939393938 69.696969696969703 84.848484848484844 84.848484848484844 90.909090909090907 78.787878787878782 75.757575757575751 81.818181818181813 78.787878787878782 81.818181818181813 87.878787878787875 87.878787878787875 81.818181818181813 87.878787878787875 90.909090909090907 87.878787878787875 69.696969696969703 81.818181818181813 90.909090909090907 84.848484848484844 90.909090909090907 81.818181818181813 93.939393939393938 84.848484848484844 90.909090909090907 87.878787878787875 87.878787878787875 96.969696969696969 78.787878787878782 75.757575757575751 84.848484848484844 84.848484848484844 78.787878787878782 84.848484848484844 81.818181818181813 87.878787878787875 84.848484848484844





