# Created by Octave 9.4.0, Wed Aug 06 08:04:25 2025 -03 <davi@fedora>
# name: TX_OK
# type: cell
# rows: 1
# columns: 8
# name: <cell-element>
# type: matrix
# rows: 1
# columns: 50
 60.606060606060609 39.393939393939391 54.545454545454547 48.484848484848484 42.424242424242422 51.515151515151516 48.484848484848484 48.484848484848484 57.575757575757578 78.787878787878782 60.606060606060609 51.515151515151516 51.515151515151516 66.666666666666671 48.484848484848484 48.484848484848484 51.515151515151516 69.696969696969703 57.575757575757578 45.454545454545453 54.545454545454547 48.484848484848484 57.575757575757578 57.575757575757578 54.545454545454547 51.515151515151516 78.787878787878782 57.575757575757578 54.545454545454547 45.454545454545453 48.484848484848484 63.636363636363633 51.515151515151516 72.727272727272734 54.545454545454547 63.636363636363633 42.424242424242422 54.545454545454547 45.454545454545453 57.575757575757578 75.757575757575751 57.575757575757578 33.333333333333336 57.575757575757578 63.636363636363633 48.484848484848484 45.454545454545453 57.575757575757578 51.515151515151516 45.454545454545453



# name: <cell-element>
# type: matrix
# rows: 1
# columns: 50
 72.727272727272734 75.757575757575751 87.878787878787875 75.757575757575751 72.727272727272734 78.787878787878782 75.757575757575751 69.696969696969703 87.878787878787875 87.878787878787875 81.818181818181813 75.757575757575751 78.787878787878782 90.909090909090907 66.666666666666671 78.787878787878782 75.757575757575751 90.909090909090907 78.787878787878782 78.787878787878782 81.818181818181813 69.696969696969703 75.757575757575751 78.787878787878782 78.787878787878782 72.727272727272734 87.878787878787875 90.909090909090907 72.727272727272734 69.696969696969703 72.727272727272734 81.818181818181813 81.818181818181813 84.848484848484844 75.757575757575751 78.787878787878782 81.818181818181813 78.787878787878782 78.787878787878782 90.909090909090907 96.969696969696969 72.727272727272734 75.757575757575751 72.727272727272734 81.818181818181813 81.818181818181813 75.757575757575751 78.787878787878782 84.848484848484844 75.757575757575751



# name: <cell-element>
# type: matrix
# rows: 1
# columns: 50
 100 90.909090909090907 96.969696969696969 90.909090909090907 96.969696969696969 93.939393939393938 90.909090909090907 93.939393939393938 93.939393939393938 96.969696969696969 90.909090909090907 96.969696969696969 96.969696969696969 96.969696969696969 90.909090909090907 100 100 100 96.969696969696969 87.878787878787875 96.969696969696969 93.939393939393938 90.909090909090907 90.909090909090907 90.909090909090907 90.909090909090907 100 93.939393939393938 100 96.969696969696969 93.939393939393938 100 100 93.939393939393938 96.969696969696969 100 100 96.969696969696969 93.939393939393938 96.969696969696969 96.969696969696969 100 84.848484848484844 93.939393939393938 100 96.969696969696969 96.969696969696969 93.939393939393938 93.939393939393938 100



# name: <cell-element>
# type: matrix
# rows: 1
# columns: 50
 100 93.939393939393938 93.939393939393938 90.909090909090907 96.969696969696969 100 93.939393939393938 90.909090909090907 96.969696969696969 93.939393939393938 93.939393939393938 96.969696969696969 96.969696969696969 96.969696969696969 87.878787878787875 100 100 96.969696969696969 93.939393939393938 90.909090909090907 96.969696969696969 90.909090909090907 87.878787878787875 90.909090909090907 90.909090909090907 87.878787878787875 100 93.939393939393938 96.969696969696969 93.939393939393938 93.939393939393938 96.969696969696969 100 96.969696969696969 100 90.909090909090907 100 96.969696969696969 96.969696969696969 93.939393939393938 96.969696969696969 93.939393939393938 90.909090909090907 90.909090909090907 96.969696969696969 100 93.939393939393938 96.969696969696969 93.939393939393938 96.969696969696969



# name: <cell-element>
# type: matrix
# rows: 1
# columns: 50
 81.818181818181813 72.727272727272734 75.757575757575751 72.727272727272734 63.636363636363633 69.696969696969703 75.757575757575751 72.727272727272734 78.787878787878782 84.848484848484844 75.757575757575751 72.727272727272734 69.696969696969703 87.878787878787875 66.666666666666671 69.696969696969703 78.787878787878782 93.939393939393938 81.818181818181813 69.696969696969703 81.818181818181813 66.666666666666671 63.636363636363633 81.818181818181813 69.696969696969703 63.636363636363633 90.909090909090907 75.757575757575751 78.787878787878782 66.666666666666671 69.696969696969703 84.848484848484844 84.848484848484844 81.818181818181813 78.787878787878782 75.757575757575751 78.787878787878782 75.757575757575751 78.787878787878782 84.848484848484844 90.909090909090907 66.666666666666671 75.757575757575751 69.696969696969703 72.727272727272734 81.818181818181813 78.787878787878782 69.696969696969703 75.757575757575751 75.757575757575751



# name: <cell-element>
# type: matrix
# rows: 1
# columns: 50
 93.939393939393938 90.909090909090907 100 96.969696969696969 96.969696969696969 100 90.909090909090907 100 93.939393939393938 90.909090909090907 96.969696969696969 87.878787878787875 96.969696969696969 96.969696969696969 93.939393939393938 96.969696969696969 87.878787878787875 96.969696969696969 96.969696969696969 87.878787878787875 93.939393939393938 93.939393939393938 93.939393939393938 96.969696969696969 96.969696969696969 100 100 93.939393939393938 100 100 87.878787878787875 96.969696969696969 100 87.878787878787875 100 96.969696969696969 100 84.848484848484844 96.969696969696969 96.969696969696969 96.969696969696969 96.969696969696969 84.848484848484844 93.939393939393938 96.969696969696969 96.969696969696969 96.969696969696969 87.878787878787875 93.939393939393938 100



# name: <cell-element>
# type: matrix
# rows: 1
# columns: 50
 96.969696969696969 90.909090909090907 87.878787878787875 96.969696969696969 87.878787878787875 96.969696969696969 87.878787878787875 93.939393939393938 93.939393939393938 90.909090909090907 93.939393939393938 84.848484848484844 96.969696969696969 93.939393939393938 87.878787878787875 84.848484848484844 84.848484848484844 96.969696969696969 93.939393939393938 84.848484848484844 93.939393939393938 90.909090909090907 93.939393939393938 90.909090909090907 93.939393939393938 96.969696969696969 100 93.939393939393938 100 100 87.878787878787875 96.969696969696969 100 87.878787878787875 96.969696969696969 96.969696969696969 90.909090909090907 84.848484848484844 93.939393939393938 96.969696969696969 93.939393939393938 96.969696969696969 84.848484848484844 93.939393939393938 100 96.969696969696969 84.848484848484844 81.818181818181813 90.909090909090907 93.939393939393938



# name: <cell-element>
# type: matrix
# rows: 1
# columns: 50
 87.878787878787875 78.787878787878782 96.969696969696969 93.939393939393938 84.848484848484844 90.909090909090907 84.848484848484844 84.848484848484844 93.939393939393938 90.909090909090907 87.878787878787875 81.818181818181813 87.878787878787875 93.939393939393938 81.818181818181813 96.969696969696969 87.878787878787875 90.909090909090907 87.878787878787875 78.787878787878782 90.909090909090907 84.848484848484844 84.848484848484844 87.878787878787875 84.848484848484844 90.909090909090907 90.909090909090907 90.909090909090907 87.878787878787875 75.757575757575751 72.727272727272734 84.848484848484844 90.909090909090907 90.909090909090907 84.848484848484844 87.878787878787875 90.909090909090907 90.909090909090907 78.787878787878782 90.909090909090907 96.969696969696969 78.787878787878782 72.727272727272734 81.818181818181813 90.909090909090907 87.878787878787875 87.878787878787875 90.909090909090907 87.878787878787875 87.878787878787875





