# Created by Octave 9.4.0, Wed Aug 06 08:01:12 2025 -03 <davi@fedora>
# name: TX_OK
# type: cell
# rows: 1
# columns: 8
# name: <cell-element>
# type: matrix
# rows: 1
# columns: 50
 15.151515151515152 15.151515151515152 12.121212121212121 15.151515151515152 18.181818181818183 3.0303030303030303 12.121212121212121 12.121212121212121 15.151515151515152 18.181818181818183 27.272727272727273 21.212121212121211 12.121212121212121 27.272727272727273 15.151515151515152 15.151515151515152 27.272727272727273 15.151515151515152 3.0303030303030303 15.151515151515152 12.121212121212121 15.151515151515152 18.181818181818183 18.181818181818183 6.0606060606060606 21.212121212121211 21.212121212121211 6.0606060606060606 24.242424242424242 6.0606060606060606 9.0909090909090917 18.181818181818183 24.242424242424242 15.151515151515152 18.181818181818183 18.181818181818183 30.303030303030305 27.272727272727273 18.181818181818183 15.151515151515152 30.303030303030305 18.181818181818183 12.121212121212121 36.363636363636367 9.0909090909090917 18.181818181818183 12.121212121212121 21.212121212121211 6.0606060606060606 15.151515151515152



# name: <cell-element>
# type: matrix
# rows: 1
# columns: 50
 75.757575757575751 75.757575757575751 87.878787878787875 78.787878787878782 75.757575757575751 78.787878787878782 75.757575757575751 72.727272727272734 87.878787878787875 87.878787878787875 81.818181818181813 75.757575757575751 78.787878787878782 90.909090909090907 69.696969696969703 78.787878787878782 78.787878787878782 90.909090909090907 81.818181818181813 78.787878787878782 81.818181818181813 72.727272727272734 75.757575757575751 78.787878787878782 78.787878787878782 72.727272727272734 87.878787878787875 90.909090909090907 75.757575757575751 69.696969696969703 72.727272727272734 84.848484848484844 84.848484848484844 84.848484848484844 78.787878787878782 78.787878787878782 81.818181818181813 78.787878787878782 78.787878787878782 90.909090909090907 96.969696969696969 72.727272727272734 75.757575757575751 72.727272727272734 81.818181818181813 84.848484848484844 75.757575757575751 81.818181818181813 84.848484848484844 75.757575757575751



# name: <cell-element>
# type: matrix
# rows: 1
# columns: 50
 48.484848484848484 51.515151515151516 33.333333333333336 54.545454545454547 39.393939393939391 57.575757575757578 30.303030303030305 39.393939393939391 54.545454545454547 60.606060606060609 42.424242424242422 39.393939393939391 42.424242424242422 48.484848484848484 48.484848484848484 45.454545454545453 54.545454545454547 60.606060606060609 27.272727272727273 36.363636363636367 54.545454545454547 39.393939393939391 57.575757575757578 36.363636363636367 30.303030303030305 30.303030303030305 39.393939393939391 42.424242424242422 54.545454545454547 30.303030303030305 30.303030303030305 48.484848484848484 60.606060606060609 66.666666666666671 39.393939393939391 57.575757575757578 48.484848484848484 33.333333333333336 48.484848484848484 39.393939393939391 57.575757575757578 39.393939393939391 30.303030303030305 45.454545454545453 36.363636363636367 36.363636363636367 33.333333333333336 36.363636363636367 36.363636363636367 45.454545454545453



# name: <cell-element>
# type: matrix
# rows: 1
# columns: 50
 48.484848484848484 36.363636363636367 39.393939393939391 45.454545454545453 39.393939393939391 36.363636363636367 33.333333333333336 45.454545454545453 48.484848484848484 30.303030303030305 42.424242424242422 39.393939393939391 30.303030303030305 36.363636363636367 42.424242424242422 51.515151515151516 24.242424242424242 51.515151515151516 24.242424242424242 36.363636363636367 27.272727272727273 24.242424242424242 39.393939393939391 36.363636363636367 39.393939393939391 30.303030303030305 36.363636363636367 39.393939393939391 51.515151515151516 36.363636363636367 24.242424242424242 45.454545454545453 39.393939393939391 45.454545454545453 33.333333333333336 33.333333333333336 42.424242424242422 36.363636363636367 48.484848484848484 36.363636363636367 51.515151515151516 15.151515151515152 21.212121212121211 39.393939393939391 48.484848484848484 36.363636363636367 33.333333333333336 27.272727272727273 33.333333333333336 15.151515151515152



# name: <cell-element>
# type: matrix
# rows: 1
# columns: 50
 15.151515151515152 18.181818181818183 9.0909090909090917 21.212121212121211 12.121212121212121 6.0606060606060606 12.121212121212121 12.121212121212121 6.0606060606060606 18.181818181818183 6.0606060606060606 21.212121212121211 24.242424242424242 18.181818181818183 9.0909090909090917 15.151515151515152 12.121212121212121 15.151515151515152 24.242424242424242 21.212121212121211 21.212121212121211 15.151515151515152 3.0303030303030303 21.212121212121211 18.181818181818183 27.272727272727273 24.242424242424242 9.0909090909090917 12.121212121212121 6.0606060606060606 27.272727272727273 24.242424242424242 27.272727272727273 27.272727272727273 6.0606060606060606 15.151515151515152 6.0606060606060606 21.212121212121211 24.242424242424242 12.121212121212121 18.181818181818183 12.121212121212121 12.121212121212121 0 18.181818181818183 27.272727272727273 30.303030303030305 6.0606060606060606 12.121212121212121 15.151515151515152



# name: <cell-element>
# type: matrix
# rows: 1
# columns: 50
 72.727272727272734 78.787878787878782 84.848484848484844 75.757575757575751 81.818181818181813 69.696969696969703 75.757575757575751 81.818181818181813 84.848484848484844 90.909090909090907 87.878787878787875 87.878787878787875 81.818181818181813 84.848484848484844 66.666666666666671 72.727272727272734 78.787878787878782 90.909090909090907 78.787878787878782 81.818181818181813 78.787878787878782 75.757575757575751 72.727272727272734 78.787878787878782 81.818181818181813 75.757575757575751 84.848484848484844 84.848484848484844 78.787878787878782 75.757575757575751 81.818181818181813 81.818181818181813 90.909090909090907 81.818181818181813 78.787878787878782 75.757575757575751 72.727272727272734 84.848484848484844 78.787878787878782 90.909090909090907 93.939393939393938 81.818181818181813 72.727272727272734 75.757575757575751 87.878787878787875 78.787878787878782 72.727272727272734 81.818181818181813 81.818181818181813 75.757575757575751



# name: <cell-element>
# type: matrix
# rows: 1
# columns: 50
 72.727272727272734 78.787878787878782 81.818181818181813 75.757575757575751 78.787878787878782 69.696969696969703 75.757575757575751 69.696969696969703 84.848484848484844 90.909090909090907 87.878787878787875 78.787878787878782 78.787878787878782 84.848484848484844 66.666666666666671 72.727272727272734 78.787878787878782 90.909090909090907 78.787878787878782 78.787878787878782 78.787878787878782 69.696969696969703 75.757575757575751 75.757575757575751 81.818181818181813 72.727272727272734 84.848484848484844 84.848484848484844 81.818181818181813 75.757575757575751 75.757575757575751 78.787878787878782 81.818181818181813 81.818181818181813 78.787878787878782 75.757575757575751 72.727272727272734 78.787878787878782 78.787878787878782 90.909090909090907 93.939393939393938 81.818181818181813 72.727272727272734 72.727272727272734 87.878787878787875 78.787878787878782 66.666666666666671 84.848484848484844 78.787878787878782 75.757575757575751



