# Created by Octave 9.4.0, Wed Aug 06 08:04:10 2025 -03 <davi@fedora>
# name: TX_OK
# type: cell
# rows: 1
# columns: 8
# name: <cell-element>
# type: matrix
# rows: 1
# columns: 50
 21.212121212121211 21.212121212121211 15.151515151515152 21.212121212121211 12.121212121212121 24.242424242424242 24.242424242424242 21.212121212121211 15.151515151515152 30.303030303030305 18.181818181818183 9.0909090909090917 21.212121212121211 12.121212121212121 21.212121212121211 9.0909090909090917 12.121212121212121 15.151515151515152 9.0909090909090917 21.212121212121211 9.0909090909090917 18.181818181818183 21.212121212121211 21.212121212121211 21.212121212121211 12.121212121212121 12.121212121212121 12.121212121212121 24.242424242424242 12.121212121212121 18.181818181818183 24.242424242424242 9.0909090909090917 21.212121212121211 21.212121212121211 9.0909090909090917 18.181818181818183 15.151515151515152 18.181818181818183 9.0909090909090917 9.0909090909090917 30.303030303030305 18.181818181818183 6.0606060606060606 15.151515151515152 21.212121212121211 24.242424242424242 15.151515151515152 9.0909090909090917 12.121212121212121



# name: <cell-element>
# type: matrix
# rows: 1
# columns: 50
 75.757575757575751 75.757575757575751 87.878787878787875 78.787878787878782 75.757575757575751 78.787878787878782 75.757575757575751 72.727272727272734 87.878787878787875 87.878787878787875 81.818181818181813 75.757575757575751 78.787878787878782 90.909090909090907 69.696969696969703 78.787878787878782 78.787878787878782 90.909090909090907 81.818181818181813 78.787878787878782 81.818181818181813 72.727272727272734 75.757575757575751 78.787878787878782 78.787878787878782 72.727272727272734 87.878787878787875 90.909090909090907 75.757575757575751 69.696969696969703 72.727272727272734 84.848484848484844 84.848484848484844 84.848484848484844 78.787878787878782 78.787878787878782 81.818181818181813 78.787878787878782 78.787878787878782 90.909090909090907 96.969696969696969 72.727272727272734 75.757575757575751 72.727272727272734 81.818181818181813 84.848484848484844 75.757575757575751 81.818181818181813 84.848484848484844 75.757575757575751



# name: <cell-element>
# type: matrix
# rows: 1
# columns: 50
 24.242424242424242 9.0909090909090917 27.272727272727273 9.0909090909090917 21.212121212121211 24.242424242424242 6.0606060606060606 18.181818181818183 15.151515151515152 21.212121212121211 9.0909090909090917 12.121212121212121 15.151515151515152 15.151515151515152 12.121212121212121 30.303030303030305 18.181818181818183 27.272727272727273 30.303030303030305 9.0909090909090917 24.242424242424242 6.0606060606060606 12.121212121212121 9.0909090909090917 21.212121212121211 15.151515151515152 12.121212121212121 18.181818181818183 12.121212121212121 21.212121212121211 15.151515151515152 24.242424242424242 21.212121212121211 27.272727272727273 18.181818181818183 18.181818181818183 15.151515151515152 9.0909090909090917 33.333333333333336 12.121212121212121 18.181818181818183 18.181818181818183 15.151515151515152 6.0606060606060606 15.151515151515152 6.0606060606060606 12.121212121212121 12.121212121212121 6.0606060606060606 9.0909090909090917



# name: <cell-element>
# type: matrix
# rows: 1
# columns: 50
 27.272727272727273 9.0909090909090917 9.0909090909090917 6.0606060606060606 21.212121212121211 18.181818181818183 3.0303030303030303 12.121212121212121 12.121212121212121 24.242424242424242 15.151515151515152 12.121212121212121 21.212121212121211 21.212121212121211 18.181818181818183 15.151515151515152 12.121212121212121 21.212121212121211 18.181818181818183 12.121212121212121 15.151515151515152 6.0606060606060606 12.121212121212121 12.121212121212121 24.242424242424242 12.121212121212121 21.212121212121211 18.181818181818183 12.121212121212121 12.121212121212121 18.181818181818183 18.181818181818183 21.212121212121211 18.181818181818183 15.151515151515152 15.151515151515152 21.212121212121211 15.151515151515152 21.212121212121211 18.181818181818183 21.212121212121211 12.121212121212121 6.0606060606060606 15.151515151515152 24.242424242424242 24.242424242424242 21.212121212121211 9.0909090909090917 3.0303030303030303 18.181818181818183



# name: <cell-element>
# type: matrix
# rows: 1
# columns: 50
 3.0303030303030303 3.0303030303030303 3.0303030303030303 9.0909090909090917 3.0303030303030303 6.0606060606060606 6.0606060606060606 9.0909090909090917 9.0909090909090917 12.121212121212121 3.0303030303030303 0 9.0909090909090917 9.0909090909090917 3.0303030303030303 3.0303030303030303 0 6.0606060606060606 12.121212121212121 6.0606060606060606 12.121212121212121 6.0606060606060606 3.0303030303030303 6.0606060606060606 15.151515151515152 9.0909090909090917 6.0606060606060606 9.0909090909090917 3.0303030303030303 9.0909090909090917 9.0909090909090917 6.0606060606060606 6.0606060606060606 6.0606060606060606 3.0303030303030303 3.0303030303030303 0 6.0606060606060606 9.0909090909090917 3.0303030303030303 6.0606060606060606 12.121212121212121 6.0606060606060606 0 3.0303030303030303 6.0606060606060606 6.0606060606060606 6.0606060606060606 6.0606060606060606 6.0606060606060606



# name: <cell-element>
# type: matrix
# rows: 1
# columns: 50
 72.727272727272734 78.787878787878782 84.848484848484844 75.757575757575751 78.787878787878782 69.696969696969703 75.757575757575751 81.818181818181813 84.848484848484844 90.909090909090907 87.878787878787875 87.878787878787875 81.818181818181813 84.848484848484844 66.666666666666671 72.727272727272734 78.787878787878782 90.909090909090907 78.787878787878782 81.818181818181813 78.787878787878782 75.757575757575751 72.727272727272734 75.757575757575751 78.787878787878782 75.757575757575751 87.878787878787875 84.848484848484844 78.787878787878782 75.757575757575751 78.787878787878782 81.818181818181813 90.909090909090907 84.848484848484844 78.787878787878782 75.757575757575751 72.727272727272734 84.848484848484844 78.787878787878782 90.909090909090907 93.939393939393938 78.787878787878782 72.727272727272734 75.757575757575751 87.878787878787875 78.787878787878782 75.757575757575751 81.818181818181813 81.818181818181813 72.727272727272734



# name: <cell-element>
# type: matrix
# rows: 1
# columns: 50
 72.727272727272734 78.787878787878782 81.818181818181813 75.757575757575751 78.787878787878782 69.696969696969703 75.757575757575751 69.696969696969703 84.848484848484844 90.909090909090907 87.878787878787875 78.787878787878782 78.787878787878782 84.848484848484844 66.666666666666671 72.727272727272734 78.787878787878782 90.909090909090907 78.787878787878782 78.787878787878782 78.787878787878782 69.696969696969703 75.757575757575751 75.757575757575751 81.818181818181813 72.727272727272734 84.848484848484844 84.848484848484844 81.818181818181813 75.757575757575751 75.757575757575751 78.787878787878782 81.818181818181813 81.818181818181813 78.787878787878782 75.757575757575751 72.727272727272734 78.787878787878782 78.787878787878782 90.909090909090907 93.939393939393938 81.818181818181813 72.727272727272734 72.727272727272734 87.878787878787875 78.787878787878782 66.666666666666671 84.848484848484844 78.787878787878782 75.757575757575751



